# Planned trajectory (Bezier, world coords)
# x y
0.000000 -2.000000
0.073936 -1.917504
0.141898 -1.824087
0.204070 -1.720086
0.260638 -1.605840
0.311787 -1.481686
0.357700 -1.347963
0.398563 -1.205007
0.434561 -1.053156
0.465879 -0.892749
0.492700 -0.724124
0.515210 -0.547616
0.533594 -0.363566
0.548036 -0.172310
0.558722 0.025814
0.565835 0.230468
0.569561 0.441315
0.570085 0.658016
0.567590 0.880234
0.562263 1.107630
0.554287 1.339869
0.543848 1.576610
0.531130 1.817518
0.516319 2.062253
0.499598 2.310479
0.481152 2.561857
0.461167 2.816049
0.439827 3.072719
0.417317 3.331528
0.393821 3.592138
0.369525 3.854212
0.344613 4.117412
0.319270 4.381400
0.293680 4.645838
0.268029 4.910389
0.242501 5.174715
0.217281 5.438478
0.192553 5.701340
0.168503 5.962963
0.145316 6.223011
0.123175 6.481144
0.102266 6.737026
0.082774 6.990318
0.064882 7.240683
0.048777 7.487782
0.034643 7.731279
0.022664 7.970836
0.013026 8.206114
0.005912 8.436775
0.001509 8.662483
0.000000 8.882900

# Actual robot trajectory (world coords)
# x y
0.000000 -2.000000
0.000000 -2.000000
0.000000 -2.000000
0.000000 -2.000000
0.000000 -2.000000
0.000000 -2.000000
0.000000 -2.000000
0.000000 -2.000000
0.000000 -2.000000
0.000000 -2.000000
0.000000 -2.000000
0.000000 -2.000000
0.000000 -2.000000
0.000000 -2.000000
0.000000 -2.000000
0.000000 -2.000000
0.000000 -2.000000
0.000000 -2.000000
0.000000 -2.000000
0.000000 -2.000000
0.000000 -2.000000
0.000000 -2.000000
0.000000 -2.000000
0.000000 -2.000000
0.000000 -2.000000
0.000000 -2.000000
0.000000 -2.000000
0.000000 -2.000000
0.015733 -1.983223
0.015733 -1.983223
0.015733 -1.983223
0.015733 -1.983223
0.015733 -1.983223
0.015733 -1.983223
0.015733 -1.983223
0.015733 -1.983223
0.015433 -1.983623
0.031190 -1.962316
0.046821 -1.940917
0.062326 -1.919427
0.077705 -1.897845
0.092956 -1.876174
0.108080 -1.854414
0.123075 -1.832565
0.137942 -1.810627
0.152666 -1.788594
0.167246 -1.766466
0.181683 -1.744244
0.195975 -1.721928
0.210122 -1.699520
0.224122 -1.677020
0.238492 -1.653574
0.252704 -1.630030
0.266755 -1.606391
0.280645 -1.582657
0.294374 -1.558829
0.307940 -1.534908
0.321344 -1.510896
0.334568 -1.486784
0.347612 -1.462574
0.360474 -1.438268
0.372700 -1.414757
0.384756 -1.391158
0.396641 -1.367473
0.408355 -1.343702
0.419896 -1.319847
0.431264 -1.295910
0.442458 -1.271890
0.453478 -1.247790
0.464306 -1.223603
0.474942 -1.199331
0.485386 -1.174976
0.495636 -1.150538
0.505691 -1.126020
0.515550 -1.101422
0.525213 -1.076747
0.534854 -1.051527
0.544289 -1.026229
0.553517 -1.000855
0.562521 -0.975400
0.571298 -0.949867
0.579849 -0.924257
0.588022 -0.899049
0.595975 -0.873770
0.603706 -0.848423
0.611215 -0.823009
0.618501 -0.797530
0.625562 -0.771989
0.632630 -0.745412
0.639434 -0.718767
0.645976 -0.692057
0.652252 -0.665282
0.658264 -0.638448
0.663809 -0.612534
0.669106 -0.586569
0.674135 -0.560551
0.678895 -0.534482
0.683385 -0.508365
0.687605 -0.482203
0.691553 -0.455999
0.695229 -0.429755
0.698631 -0.403474
0.701740 -0.377157
0.704555 -0.350807
0.707074 -0.324427
0.709297 -0.298021
0.711224 -0.271591
0.712808 -0.245639
0.714086 -0.219670
0.715056 -0.193688
0.715719 -0.167697
0.716075 -0.140199
0.716062 -0.112699
0.715681 -0.085202
0.714971 -0.058711
0.713918 -0.032232
0.712521 -0.005769
0.710759 0.020672
0.708584 0.047584
0.706031 0.074463
0.703098 0.101304
0.699832 0.127602
0.696179 0.153849
0.692139 0.180039
0.687599 0.206655
0.682636 0.233194
0.677358 0.259164
0.671652 0.285042
0.665519 0.310822
0.658960 0.336498
0.651954 0.362055
0.644504 0.387486
0.636589 0.412777
0.628211 0.437917
0.619374 0.462900
0.610058 0.487709
0.600267 0.512334
0.589983 0.536757
0.579186 0.560958
0.567662 0.585375
0.555829 0.609086
0.543458 0.632522
0.530305 0.656101
0.516589 0.679358
0.502690 0.703087
0.488863 0.726858
0.475107 0.750670
0.461422 0.774524
0.447810 0.798418
0.434268 0.822353
0.420799 0.846329
0.407402 0.870344
0.394077 0.894400
0.380824 0.918496
0.367643 0.942632
0.354535 0.966807
0.341499 0.991021
0.328536 1.015274
0.315646 1.039566
0.302829 1.063896
0.290085 1.088265
0.277414 1.112672
0.264817 1.137117
0.252292 1.161599
0.239842 1.186119
0.227464 1.210676
0.215161 1.235271
0.203459 1.259047
0.191912 1.282899
0.180521 1.306826
0.169285 1.330826
0.158205 1.354898
0.147282 1.379043
0.136517 1.403257
0.125909 1.427541
0.115458 1.451894
0.105167 1.476314
0.095034 1.500800
0.085061 1.525352
0.075248 1.549968
0.065594 1.574647
0.056102 1.599389
0.046783 1.624196
0.037637 1.649068
0.028666 1.674003
0.020036 1.698529
0.011578 1.723115
