# Planned trajectory (Bezier, world coords)
# x y
0.000000 -2.000000
0.073936 -1.917504
0.141898 -1.824087
0.204070 -1.720086
0.260638 -1.605840
0.311787 -1.481686
0.357700 -1.347963
0.398563 -1.205007
0.434561 -1.053156
0.465879 -0.892749
0.492700 -0.724124
0.515210 -0.547616
0.533594 -0.363566
0.548036 -0.172310
0.558722 0.025814
0.565835 0.230468
0.569561 0.441315
0.570085 0.658016
0.567590 0.880234
0.562263 1.107630
0.554287 1.339869
0.543848 1.576610
0.531130 1.817518
0.516319 2.062253
0.499598 2.310479
0.481152 2.561857
0.461167 2.816049
0.439827 3.072719
0.417317 3.331528
0.393821 3.592138
0.369525 3.854212
0.344613 4.117412
0.319270 4.381400
0.293680 4.645838
0.268029 4.910389
0.242501 5.174715
0.217281 5.438478
0.192553 5.701340
0.168503 5.962963
0.145316 6.223011
0.123175 6.481144
0.102266 6.737026
0.082774 6.990318
0.064882 7.240683
0.048777 7.487782
0.034643 7.731279
0.022664 7.970836
0.013026 8.206114
0.005912 8.436775
0.001509 8.662483
0.000000 8.882900

# Actual robot trajectory (world coords)
# x y
0.000000 -2.000000
0.000000 -2.000000
0.000000 -2.000000
0.000000 -2.000000
0.000000 -2.000000
0.000000 -2.000000
0.000000 -2.000000
0.000000 -2.000000
0.000000 -2.000000
0.000000 -2.000000
0.000000 -2.000000
0.000000 -2.000000
0.000000 -2.000000
0.000000 -2.000000
0.000000 -2.000000
0.000000 -2.000000
0.000000 -2.000000
0.000000 -2.000000
0.000000 -2.000000
0.000000 -2.000000
0.000000 -2.000000
0.000000 -2.000000
0.000000 -2.000000
0.000000 -2.000000
0.000000 -2.000000
0.000000 -2.000000
0.000000 -2.000000
0.000000 -2.000000
0.000000 -2.000000
0.000000 -2.000000
0.000000 -2.000000
0.000000 -2.000000
0.000000 -2.000000
0.000000 -2.000000
0.000000 -2.000000
0.000000 -2.000000
0.000000 -2.000000
0.000000 -2.000000
-0.000338 -2.000368
-0.000670 -2.000742
-0.000997 -2.001120
-0.000997 -2.001120
0.014947 -1.979953
0.030642 -1.958601
0.046086 -1.937067
0.061274 -1.915351
0.076205 -1.893458
0.090875 -1.871389
0.105814 -1.848300
0.120465 -1.825028
0.134314 -1.802435
0.147890 -1.779676
0.161190 -1.756756
0.174211 -1.733675
0.186951 -1.710439
0.199407 -1.687049
0.211801 -1.663061
0.223894 -1.638921
0.235684 -1.614631
0.246961 -1.590650
0.257941 -1.566532
0.268622 -1.542280
0.279381 -1.516972
0.289812 -1.491527
0.299914 -1.465950
0.309339 -1.441182
0.318454 -1.416299
0.327256 -1.391304
0.335744 -1.366200
0.343915 -1.340991
0.351736 -1.315672
0.359205 -1.290246
0.366320 -1.264719
0.373078 -1.239095
0.379365 -1.213867
0.385305 -1.188554
0.390898 -1.163163
0.396424 -1.136224
0.401558 -1.109207
0.406140 -1.083107
0.410356 -1.056944
0.414206 -1.030725
0.417746 -1.003958
0.420904 -0.977144
0.423642 -0.950283
0.425925 -0.923881
0.427802 -0.897448
0.429294 -0.870489
0.430365 -0.843510
0.431015 -0.816518
0.431249 -0.790019
0.431079 -0.763520
0.430468 -0.737027
0.429417 -0.710548
0.427928 -0.684090
0.426003 -0.657660
0.423643 -0.631265
0.420850 -0.604912
0.417589 -0.578614
0.413861 -0.552377
0.409671 -0.526211
0.405023 -0.500122
0.399919 -0.474118
0.394210 -0.447728
0.388122 -0.421937
0.381555 -0.396264
0.374373 -0.370236
0.366666 -0.344360
0.358440 -0.318643
0.349534 -0.292625
0.340067 -0.266806
0.330433 -0.242119
0.320259 -0.217650
0.309557 -0.193408
0.298522 -0.169865
0.286735 -0.146131
0.274383 -0.122686
0.261485 -0.099537
0.248019 -0.076713
0.233730 -0.053804
0.219143 -0.031680
0.203979 -0.009948
0.187919 0.011757
0.171562 0.032607
0.154609 0.052974
0.137402 0.072466
0.120628 0.092331
0.104001 0.112966
0.087853 0.133978
0.072436 0.154913
0.057451 0.176161
0.042625 0.198125
0.028253 0.220389
0.014295 0.242915
0.000755 0.265696
-0.012394 0.288703
-0.025151 0.311930
-0.037769 0.335801
-0.050002 0.359870
-0.061849 0.384132
-0.073107 0.408122
-0.083991 0.432284
-0.094499 0.456611
-0.104629 0.481099
-0.114378 0.505740
-0.123744 0.530530
-0.132725 0.555462
-0.141519 0.580990
-0.149954 0.606638
-0.158030 0.632402
-0.165744 0.658277
-0.173095 0.684257
-0.180041 0.709830
-0.186719 0.735475
-0.193128 0.761188
-0.199266 0.786968
-0.205132 0.812810
-0.210728 0.838713
-0.216051 0.864673
-0.221101 0.890687
-0.225877 0.916753
-0.230380 0.942868
-0.234608 0.969028
-0.238562 0.995232
-0.242240 1.021475
-0.245642 1.047756
-0.248768 1.074071
-0.251618 1.100417
-0.254191 1.126792
-0.256487 1.153192
-0.258505 1.179615
-0.260246 1.206058
-0.261709 1.232518
-0.262894 1.258991
-0.263802 1.285475
-0.264431 1.311968
-0.264782 1.338466
-0.264854 1.364966
-0.264649 1.391465
-0.264165 1.417960
-0.263403 1.444449
-0.262249 1.471425
-0.260717 1.498381
-0.258808 1.525314
-0.256523 1.552217
-0.253861 1.579085
-0.250839 1.605412
-0.247410 1.631690
-0.243575 1.657911
-0.239333 1.684069
-0.234686 1.710158
-0.229527 1.736661
-0.224022 1.762583
-0.218039 1.788398
-0.211527 1.814086
