# Planned trajectory (Bezier, world coords)
# x y
0.000000 -2.000000
0.073936 -1.917504
0.141898 -1.824087
0.204070 -1.720086
0.260638 -1.605840
0.311787 -1.481686
0.357700 -1.347963
0.398563 -1.205007
0.434561 -1.053156
0.465879 -0.892749
0.492700 -0.724124
0.515210 -0.547616
0.533594 -0.363566
0.548036 -0.172310
0.558722 0.025814
0.565835 0.230468
0.569561 0.441315
0.570085 0.658016
0.567590 0.880234
0.562263 1.107630
0.554287 1.339869
0.543848 1.576610
0.531130 1.817518
0.516319 2.062253
0.499598 2.310479
0.481152 2.561857
0.461167 2.816049
0.439827 3.072719
0.417317 3.331528
0.393821 3.592138
0.369525 3.854212
0.344613 4.117412
0.319270 4.381400
0.293680 4.645838
0.268029 4.910389
0.242501 5.174715
0.217281 5.438478
0.192553 5.701340
0.168503 5.962963
0.145316 6.223011
0.123175 6.481144
0.102266 6.737026
0.082774 6.990318
0.064882 7.240683
0.048777 7.487782
0.034643 7.731279
0.022664 7.970836
0.013026 8.206114
0.005912 8.436775
0.001509 8.662483
0.000000 8.882900

# Actual robot trajectory (world coords)
# x y
0.000000 -2.000000
0.000000 -2.000000
0.000000 -2.000000
0.000000 -2.000000
0.000000 -2.000000
0.000000 -2.000000
0.000000 -2.000000
0.000000 -2.000000
0.000000 -2.000000
0.000000 -2.000000
0.000000 -2.000000
0.000000 -2.000000
0.000000 -2.000000
0.000000 -2.000000
0.000000 -2.000000
0.000000 -2.000000
0.000000 -2.000000
0.000000 -2.000000
0.000000 -2.000000
0.000000 -2.000000
0.000000 -2.000000
0.000000 -2.000000
0.000000 -2.000000
0.000000 -2.000000
0.000000 -2.000000
0.000000 -2.000000
0.000000 -2.000000
0.000000 -2.000000
0.000000 -2.000000
0.000000 -2.000000
0.000000 -2.000000
0.000000 -2.000000
0.000000 -2.000000
0.000000 -2.000000
0.000000 -2.000000
0.000000 -2.000000
0.000000 -2.000000
-0.000327 -2.000378
-0.000327 -2.000378
0.015628 -1.979219
0.031333 -1.957875
0.046788 -1.936348
0.061987 -1.914640
0.076929 -1.892754
0.091610 -1.870693
0.106561 -1.847612
0.121225 -1.824348
0.135085 -1.801762
0.148673 -1.779010
0.161985 -1.756097
0.175019 -1.733024
0.187772 -1.709794
0.200241 -1.686411
0.212647 -1.662430
0.224754 -1.638296
0.236557 -1.614013
0.247847 -1.590038
0.258841 -1.565926
0.269535 -1.541680
0.280308 -1.516378
0.290754 -1.490939
0.300870 -1.465367
0.310310 -1.440605
0.319439 -1.415728
0.328255 -1.390737
0.336757 -1.365638
0.344943 -1.340434
0.352779 -1.315119
0.360262 -1.289698
0.367392 -1.264175
0.374166 -1.238555
0.380467 -1.213330
0.386422 -1.188022
0.392031 -1.162634
0.397572 -1.135698
0.402722 -1.108684
0.407319 -1.082586
0.411551 -1.056426
0.415416 -1.030209
0.418972 -1.003445
0.422146 -0.976632
0.424900 -0.949773
0.427198 -0.923372
0.429091 -0.896940
0.430599 -0.869982
0.431685 -0.843004
0.432352 -0.816012
0.432601 -0.789514
0.432446 -0.763014
0.431851 -0.736521
0.430815 -0.710041
0.429341 -0.683582
0.427431 -0.657151
0.425086 -0.630755
0.422308 -0.604401
0.419061 -0.578101
0.415348 -0.551862
0.411173 -0.525693
0.406538 -0.499601
0.401448 -0.473595
0.395753 -0.447202
0.389679 -0.421408
0.383125 -0.395731
0.375956 -0.369700
0.368261 -0.343820
0.360048 -0.318099
0.351154 -0.292077
0.341699 -0.266254
0.332076 -0.241563
0.321912 -0.217089
0.311220 -0.192842
0.300232 -0.169278
0.288492 -0.145521
0.276185 -0.122052
0.263330 -0.098878
0.249906 -0.076030
0.235658 -0.053095
0.221109 -0.030947
0.205981 -0.009189
0.189956 0.012541
0.173632 0.033417
0.156709 0.053810
0.139530 0.073325
0.122784 0.093214
0.106186 0.113872
0.090068 0.134907
0.074680 0.155865
0.059438 0.177542
0.044643 0.199528
0.030258 0.221783
0.016286 0.244301
0.002734 0.267074
-0.010429 0.290073
-0.023200 0.313293
-0.035831 0.337156
-0.048079 0.361219
-0.059940 0.385474
-0.071211 0.409457
-0.082109 0.433612
-0.092632 0.457934
-0.102776 0.482415
-0.112540 0.507051
-0.121920 0.531835
-0.130916 0.556762
-0.139724 0.582285
-0.148175 0.607928
-0.156265 0.633687
-0.163994 0.659558
-0.171360 0.685533
-0.178322 0.711102
-0.185015 0.736743
-0.191438 0.762453
-0.197591 0.788229
-0.203473 0.814068
-0.209084 0.839967
-0.214422 0.865924
-0.219487 0.891935
-0.224279 0.917998
-0.228797 0.944111
-0.233041 0.970269
-0.237009 0.996470
-0.240703 1.022711
-0.244120 1.048990
-0.247262 1.075303
-0.250127 1.101648
-0.252715 1.128021
-0.255026 1.154420
-0.257060 1.180842
-0.258816 1.207283
-0.260295 1.233742
-0.261496 1.260215
-0.262419 1.286699
-0.263063 1.313191
-0.263429 1.339688
-0.263518 1.366188
-0.263328 1.392688
-0.262859 1.419184
-0.262113 1.445673
-0.260974 1.472649
-0.259458 1.499606
-0.257565 1.526540
-0.255295 1.553444
-0.252649 1.580314
-0.249643 1.606643
-0.246229 1.632923
-0.242409 1.659146
-0.238183 1.685306
-0.233551 1.711399
-0.228408 1.737904
-0.222918 1.763829
-0.216949 1.789648
-0.210453 1.815340
