# Planned trajectory (Bezier, world coords)
# x y
0.000000 -2.000000
0.073936 -1.917504
0.141898 -1.824087
0.204070 -1.720086
0.260638 -1.605840
0.311787 -1.481686
0.357700 -1.347963
0.398563 -1.205007
0.434561 -1.053156
0.465879 -0.892749
0.492700 -0.724124
0.515210 -0.547616
0.533594 -0.363566
0.548036 -0.172310
0.558722 0.025814
0.565835 0.230468
0.569561 0.441315
0.570085 0.658016
0.567590 0.880234
0.562263 1.107630
0.554287 1.339869
0.543848 1.576610
0.531130 1.817518
0.516319 2.062253
0.499598 2.310479
0.481152 2.561857
0.461167 2.816049
0.439827 3.072719
0.417317 3.331528
0.393821 3.592138
0.369525 3.854212
0.344613 4.117412
0.319270 4.381400
0.293680 4.645838
0.268029 4.910389
0.242501 5.174715
0.217281 5.438478
0.192553 5.701340
0.168503 5.962963
0.145316 6.223011
0.123175 6.481144
0.102266 6.737026
0.082774 6.990318
0.064882 7.240683
0.048777 7.487782
0.034643 7.731279
0.022664 7.970836
0.013026 8.206114
0.005912 8.436775
0.001509 8.662483
0.000000 8.882900

# Actual robot trajectory (world coords)
# x y
0.000000 -2.000000
0.000000 -2.000000
0.000000 -2.000000
0.000000 -2.000000
0.000000 -2.000000
0.000000 -2.000000
0.000000 -2.000000
0.000000 -2.000000
0.000000 -2.000000
0.000000 -2.000000
0.000000 -2.000000
0.000000 -2.000000
0.000000 -2.000000
0.000000 -2.000000
0.000000 -2.000000
0.000000 -2.000000
0.000000 -2.000000
0.000000 -2.000000
0.000000 -2.000000
0.000000 -2.000000
0.000000 -2.000000
0.000000 -2.000000
0.000000 -2.000000
0.000000 -2.000000
0.000000 -2.000000
0.000000 -2.000000
0.000000 -2.000000
0.000000 -2.000000
0.000000 -2.000000
0.000000 -2.000000
0.000000 -2.000000
0.000000 -2.000000
0.000000 -2.000000
0.000000 -2.000000
0.000000 -2.000000
0.000000 -2.000000
0.000000 -2.000000
0.015733 -1.983223
0.015733 -1.983223
0.015733 -1.983223
0.015733 -1.983223
0.015733 -1.983223
0.015733 -1.983223
0.015733 -1.983223
0.015733 -1.983223
0.015733 -1.983223
0.015733 -1.983223
0.015733 -1.983223
0.015733 -1.983223
0.015733 -1.983223
0.015733 -1.983223
0.015733 -1.983223
0.015481 -1.983655
0.028709 -1.960117
0.041357 -1.936830
0.053651 -1.913354
0.065574 -1.889688
0.077514 -1.864915
0.089005 -1.839932
0.099673 -1.815673
0.109921 -1.791235
0.119759 -1.766629
0.129168 -1.741856
0.138144 -1.716922
0.146670 -1.691831
0.154565 -1.667059
0.161977 -1.642138
0.169339 -1.615642
0.175967 -1.589984
0.182109 -1.564205
0.187862 -1.537826
0.193094 -1.511337
0.197727 -1.485245
0.201842 -1.459067
0.205525 -1.432319
0.208685 -1.405505
0.211216 -1.379126
0.213162 -1.352697
0.214563 -1.326235
0.215467 -1.299750
0.215818 -1.273252
0.215604 -1.246753
0.214794 -1.220266
0.213441 -1.193800
0.211519 -1.167370
0.209001 -1.140990
0.205785 -1.114182
0.202025 -1.087950
0.197604 -1.061821
0.192470 -1.035314
0.186725 -1.008932
0.180353 -0.982695
0.173195 -0.956143
0.165730 -0.930716
0.157700 -0.905462
0.149094 -0.880398
0.140080 -0.856011
0.130368 -0.831355
0.120152 -0.806903
0.109479 -0.782648
0.098349 -0.758598
0.086716 -0.734788
0.074439 -0.710741
0.062012 -0.687335
0.049704 -0.663867
0.037512 -0.640338
0.025433 -0.616751
0.013465 -0.593107
0.001604 -0.569410
-0.010153 -0.545661
-0.021809 -0.521862
-0.033365 -0.498014
-0.044827 -0.474121
-0.056195 -0.450184
-0.067475 -0.426204
-0.078667 -0.402183
-0.089775 -0.378124
-0.100802 -0.354027
-0.111751 -0.329895
-0.122625 -0.305728
-0.133425 -0.281529
-0.144155 -0.257299
-0.154818 -0.233039
-0.165415 -0.208750
-0.175950 -0.184434
-0.186424 -0.160092
-0.196841 -0.135725
-0.207384 -0.110868
-0.217860 -0.085984
-0.228271 -0.061071
-0.238619 -0.036133
-0.248905 -0.011169
-0.259132 0.013819
-0.269300 0.038831
-0.279201 0.063412
-0.289022 0.088025
-0.298765 0.112669
-0.308432 0.137343
-0.318022 0.162047
-0.327537 0.186780
-0.336940 0.211556
-0.346231 0.236373
-0.355411 0.261233
-0.364479 0.286133
-0.373436 0.311073
-0.382282 0.336053
-0.391017 0.361072
-0.399589 0.386147
-0.408000 0.411277
-0.416247 0.436461
-0.424331 0.461698
-0.432250 0.486987
-0.440004 0.512327
-0.447592 0.537718
-0.455013 0.563157
-0.462267 0.588645
-0.469352 0.614181
-0.476136 0.639280
-0.482754 0.664424
-0.489202 0.689611
-0.495481 0.714842
-0.501242 0.740195
-0.506481 0.765662
-0.511288 0.791722
-0.515560 0.817876
-0.519295 0.844111
-0.522544 0.870411
-0.525306 0.896767
-0.527579 0.923169
-0.529404 0.949606
-0.530779 0.976071
-0.531704 1.002555
-0.532178 1.029050
-0.532202 1.055550
-0.531795 1.082547
-0.530956 1.109534
-0.529685 1.136504
-0.527982 1.163451
-0.525849 1.190366
-0.523285 1.217244
-0.520292 1.244078
-0.516946 1.270366
-0.513194 1.296599
-0.509035 1.322770
-0.504471 1.348874
-0.499503 1.374904
-0.494132 1.400854
-0.488359 1.426718
-0.482186 1.452489
-0.475615 1.478161
-0.468646 1.503729
-0.461282 1.529185
-0.453366 1.554998
-0.445037 1.580682
-0.436298 1.606228
-0.427152 1.631632
-0.417600 1.656886
-0.407805 1.681509
-0.397593 1.705963
-0.386967 1.730239
-0.375894 1.754314
-0.364377 1.778181
-0.352373 1.801807
-0.339888 1.825181
-0.327171 1.847858
-0.313681 1.870668
-0.299956 1.892750
-0.285727 1.914511
