# Planned trajectory (Bezier, world coords)
# x y
0.000000 -2.000000
0.073936 -1.917504
0.141898 -1.824087
0.204070 -1.720086
0.260638 -1.605840
0.311787 -1.481686
0.357700 -1.347963
0.398563 -1.205007
0.434561 -1.053156
0.465879 -0.892749
0.492700 -0.724124
0.515210 -0.547616
0.533594 -0.363566
0.548036 -0.172310
0.558722 0.025814
0.565835 0.230468
0.569561 0.441315
0.570085 0.658016
0.567590 0.880234
0.562263 1.107630
0.554287 1.339869
0.543848 1.576610
0.531130 1.817518
0.516319 2.062253
0.499598 2.310479
0.481152 2.561857
0.461167 2.816049
0.439827 3.072719
0.417317 3.331528
0.393821 3.592138
0.369525 3.854212
0.344613 4.117412
0.319270 4.381400
0.293680 4.645838
0.268029 4.910389
0.242501 5.174715
0.217281 5.438478
0.192553 5.701340
0.168503 5.962963
0.145316 6.223011
0.123175 6.481144
0.102266 6.737026
0.082774 6.990318
0.064882 7.240683
0.048777 7.487782
0.034643 7.731279
0.022664 7.970836
0.013026 8.206114
0.005912 8.436775
0.001509 8.662483
0.000000 8.882900

# Actual robot trajectory (world coords)
# x y
0.000000 -2.000000
0.000000 -2.000000
0.000000 -2.000000
0.000000 -2.000000
0.000000 -2.000000
0.000000 -2.000000
0.000000 -2.000000
0.000000 -2.000000
0.000000 -2.000000
0.000000 -2.000000
0.000000 -2.000000
0.000000 -2.000000
0.000000 -2.000000
0.000000 -2.000000
0.000000 -2.000000
0.000000 -2.000000
0.000000 -2.000000
0.000000 -2.000000
0.000000 -2.000000
0.000000 -2.000000
0.000000 -2.000000
0.000000 -2.000000
0.000000 -2.000000
0.000000 -2.000000
0.000000 -2.000000
0.000000 -2.000000
0.000000 -2.000000
0.000000 -2.000000
0.015733 -1.983223
0.015733 -1.983223
0.015733 -1.983223
0.015733 -1.983223
0.015733 -1.983223
0.015733 -1.983223
0.015733 -1.983223
0.015733 -1.983223
0.015733 -1.983223
0.015448 -1.983634
0.031005 -1.960957
0.046421 -1.938185
0.061697 -1.915317
0.076830 -1.892356
0.091821 -1.869301
0.106668 -1.846153
0.121371 -1.822914
0.135929 -1.799583
0.149823 -1.777018
0.163581 -1.754369
0.177203 -1.731638
0.190688 -1.708826
0.204036 -1.685933
0.217245 -1.662960
0.230302 -1.639899
0.243206 -1.616753
0.255956 -1.593522
0.268551 -1.570207
0.280992 -1.546808
0.293276 -1.523328
0.305403 -1.499766
0.317374 -1.476123
0.329186 -1.452401
0.340839 -1.428601
0.352334 -1.404724
0.363653 -1.380763
0.374796 -1.356720
0.385763 -1.332595
0.396753 -1.307933
0.407557 -1.283189
0.418176 -1.258365
0.428609 -1.233462
0.438854 -1.208481
0.448911 -1.183424
0.458779 -1.158292
0.468282 -1.133555
0.477585 -1.108741
0.486687 -1.083854
0.495589 -1.058893
0.504288 -1.033862
0.512784 -1.008761
0.521077 -0.983592
0.529462 -0.957402
0.537627 -0.931141
0.545569 -0.904813
0.553271 -0.878414
0.560729 -0.851945
0.567945 -0.825408
0.574672 -0.799776
0.581170 -0.774085
0.587441 -0.748338
0.593483 -0.722536
0.599276 -0.696677
0.604820 -0.670763
0.610115 -0.644798
0.615158 -0.618782
0.619951 -0.592719
0.624491 -0.566611
0.628778 -0.540460
0.632793 -0.514266
0.636534 -0.488031
0.640000 -0.461759
0.643191 -0.435452
0.646057 -0.409610
0.648656 -0.383740
0.650969 -0.357843
0.652996 -0.331922
0.654735 -0.305981
0.656253 -0.278523
0.657448 -0.251049
0.658320 -0.223562
0.658847 -0.196067
0.659032 -0.169568
0.658895 -0.143068
0.658436 -0.116572
0.657611 -0.089585
0.656429 -0.062611
0.654889 -0.035655
0.652992 -0.008722
0.650763 0.017685
0.648168 0.044057
0.645208 0.070391
0.641812 0.097177
0.638014 0.123908
0.633899 0.150087
0.629398 0.176202
0.624490 0.202243
0.619175 0.228205
0.613454 0.254080
0.607307 0.279857
0.600734 0.305529
0.593739 0.331089
0.586300 0.356524
0.578420 0.381825
0.570079 0.406978
0.561279 0.431974
0.552002 0.456798
0.542252 0.481439
0.531808 0.506337
0.521048 0.530554
0.509785 0.554542
0.497772 0.578722
0.485204 0.602618
0.472091 0.626220
0.458158 0.649929
0.444880 0.672863
0.431751 0.695882
0.418772 0.718986
0.405944 0.742174
0.393266 0.765445
0.380741 0.788798
0.367815 0.813071
0.355512 0.836541
0.342817 0.860936
0.330196 0.885369
0.318187 0.908991
0.305798 0.933543
0.293483 0.958131
0.281770 0.981902
0.269689 1.006607
0.258203 1.030488
0.246357 1.055306
0.235098 1.079295
0.223995 1.103357
0.212548 1.128361
0.201674 1.152527
0.190958 1.176764
0.180399 1.201070
0.169518 1.226325
0.159190 1.250730
0.149022 1.275201
0.139012 1.299738
0.129163 1.324340
0.119473 1.349005
0.109944 1.373732
0.100576 1.398521
0.091370 1.423371
0.082325 1.448279
0.073442 1.473246
0.064721 1.498270
0.056164 1.523350
0.047769 1.548486
0.039539 1.573675
0.031484 1.598921
0.023607 1.624224
0.015907 1.649580
0.008385 1.674990
0.001179 1.699972
-0.005852 1.725003
