# Planned trajectory (Bezier, world coords)
# x y
0.000000 -2.000000
0.073936 -1.917504
0.141898 -1.824087
0.204070 -1.720086
0.260638 -1.605840
0.311787 -1.481686
0.357700 -1.347963
0.398563 -1.205007
0.434561 -1.053156
0.465879 -0.892749
0.492700 -0.724124
0.515210 -0.547616
0.533594 -0.363566
0.548036 -0.172310
0.558722 0.025814
0.565835 0.230468
0.569561 0.441315
0.570085 0.658016
0.567590 0.880234
0.562263 1.107630
0.554287 1.339869
0.543848 1.576610
0.531130 1.817518
0.516319 2.062253
0.499598 2.310479
0.481152 2.561857
0.461167 2.816049
0.439827 3.072719
0.417317 3.331528
0.393821 3.592138
0.369525 3.854212
0.344613 4.117412
0.319270 4.381400
0.293680 4.645838
0.268029 4.910389
0.242501 5.174715
0.217281 5.438478
0.192553 5.701340
0.168503 5.962963
0.145316 6.223011
0.123175 6.481144
0.102266 6.737026
0.082774 6.990318
0.064882 7.240683
0.048777 7.487782
0.034643 7.731279
0.022664 7.970836
0.013026 8.206114
0.005912 8.436775
0.001509 8.662483
0.000000 8.882900

# Actual robot trajectory (world coords)
# x y
0.000000 -2.000000
0.000000 -2.000000
0.000000 -2.000000
0.000000 -2.000000
0.000000 -2.000000
0.000000 -2.000000
0.000000 -2.000000
0.000000 -2.000000
0.000000 -2.000000
0.000000 -2.000000
0.000000 -2.000000
0.000000 -2.000000
0.000000 -2.000000
0.000000 -2.000000
0.000000 -2.000000
0.000000 -2.000000
0.000000 -2.000000
0.000000 -2.000000
0.000000 -2.000000
0.000000 -2.000000
0.000000 -2.000000
0.000000 -2.000000
0.000000 -2.000000
0.000000 -2.000000
0.000000 -2.000000
0.000000 -2.000000
0.000000 -2.000000
0.000000 -2.000000
0.000000 -2.000000
0.000000 -2.000000
0.000000 -2.000000
0.000000 -2.000000
0.000000 -2.000000
0.000000 -2.000000
0.000000 -2.000000
0.000000 -2.000000
0.000000 -2.000000
0.000000 -2.000000
0.000000 -2.000000
0.000000 -2.000000
0.015733 -1.983223
0.015733 -1.983223
0.015733 -1.983223
0.015733 -1.983223
0.015733 -1.983223
0.015733 -1.983223
0.015733 -1.983223
0.015733 -1.983223
0.015733 -1.983223
0.015733 -1.983223
0.015733 -1.983223
0.015733 -1.983223
0.015458 -1.983641
0.029915 -1.961431
0.044263 -1.939151
0.058502 -1.916802
0.072631 -1.894383
0.086647 -1.871893
0.100547 -1.849331
0.114332 -1.826699
0.128002 -1.803997
0.141556 -1.781225
0.154995 -1.758385
0.168316 -1.735477
0.181522 -1.712502
0.194610 -1.689459
0.207581 -1.666351
0.220434 -1.643177
0.233165 -1.619935
0.245772 -1.596626
0.258256 -1.573251
0.270617 -1.549810
0.282853 -1.526304
0.294965 -1.502734
0.306952 -1.479100
0.318814 -1.455403
0.330551 -1.431644
0.342162 -1.407824
0.353643 -1.383940
0.364992 -1.359993
0.376210 -1.335985
0.387296 -1.311915
0.398251 -1.287785
0.409072 -1.263595
0.419762 -1.239347
0.430517 -1.214582
0.441137 -1.189758
0.451616 -1.164874
0.461953 -1.139931
0.472148 -1.114930
0.482201 -1.089872
0.492113 -1.064757
0.501881 -1.039586
0.511507 -1.014360
0.520984 -0.989078
0.530313 -0.963740
0.539492 -0.938349
0.548523 -0.912904
0.557404 -0.887406
0.566135 -0.861857
0.574716 -0.836257
0.583142 -0.810605
0.591413 -0.784903
0.599527 -0.759151
0.607337 -0.733828
0.614994 -0.708459
0.622498 -0.683043
0.629842 -0.657581
0.637026 -0.632074
0.644051 -0.606522
0.650917 -0.580927
0.657622 -0.555289
0.664162 -0.529608
0.670536 -0.503886
0.676744 -0.478124
0.682786 -0.452322
0.688662 -0.426482
0.694367 -0.400603
0.699900 -0.374687
0.705261 -0.348735
0.710450 -0.322748
0.715466 -0.296727
0.720488 -0.269690
0.725326 -0.242618
0.729979 -0.215515
0.734447 -0.188380
0.738726 -0.161215
0.742814 -0.134021
0.746712 -0.106798
0.750420 -0.079550
0.753932 -0.052275
0.757248 -0.024975
0.760368 0.002347
0.763286 0.029692
0.766004 0.057057
0.768520 0.084442
0.770830 0.111845
0.772933 0.139264
0.774829 0.166699
0.776514 0.194147
0.777987 0.221607
0.779249 0.249079
0.780256 0.275559
0.781054 0.302047
0.781639 0.328541
0.782010 0.355038
0.782168 0.381538
0.782108 0.408038
0.781831 0.434536
0.781331 0.461032
0.780609 0.487522
0.779661 0.514005
0.778486 0.540479
0.777081 0.566941
0.775446 0.593391
0.773576 0.619825
0.771472 0.646241
0.769130 0.672638
0.766550 0.699012
0.763729 0.725361
0.760661 0.751683
0.757349 0.777975
0.753787 0.804235
0.749974 0.830459
0.745908 0.856645
0.741587 0.882790
0.737007 0.908892
0.732165 0.934946
0.727062 0.960950
0.721694 0.986900
0.716059 1.012794
0.710154 1.038628
0.703975 1.064397
0.697462 1.090085
0.690629 1.115688
0.683476 1.141205
0.676004 1.166630
0.668216 1.191959
0.660111 1.217190
0.651692 1.242317
0.642959 1.267336
0.633914 1.292245
0.624559 1.317039
0.614894 1.341713
0.605098 1.365797
0.594990 1.389752
0.584571 1.413573
0.573843 1.437257
0.562808 1.460799
0.551468 1.484196
0.539825 1.507443
0.527881 1.530537
0.515638 1.553474
0.503097 1.576249
0.490261 1.598860
0.477133 1.621302
0.463714 1.643572
0.450006 1.665665
0.436013 1.687578
0.421472 1.709732
0.406656 1.731703
0.391566 1.753487
0.376205 1.775081
0.360564 1.796473
0.344647 1.817660
0.328435 1.838622
0.311930 1.859355
0.294461 1.880594
0.277323 1.900806
