# Planned trajectory (Bezier, world coords)
# x y
0.000000 -2.000000
0.073936 -1.917504
0.141898 -1.824087
0.204070 -1.720086
0.260638 -1.605840
0.311787 -1.481686
0.357700 -1.347963
0.398563 -1.205007
0.434561 -1.053156
0.465879 -0.892749
0.492700 -0.724124
0.515210 -0.547616
0.533594 -0.363566
0.548036 -0.172310
0.558722 0.025814
0.565835 0.230468
0.569561 0.441315
0.570085 0.658016
0.567590 0.880234
0.562263 1.107630
0.554287 1.339869
0.543848 1.576610
0.531130 1.817518
0.516319 2.062253
0.499598 2.310479
0.481152 2.561857
0.461167 2.816049
0.439827 3.072719
0.417317 3.331528
0.393821 3.592138
0.369525 3.854212
0.344613 4.117412
0.319270 4.381400
0.293680 4.645838
0.268029 4.910389
0.242501 5.174715
0.217281 5.438478
0.192553 5.701340
0.168503 5.962963
0.145316 6.223011
0.123175 6.481144
0.102266 6.737026
0.082774 6.990318
0.064882 7.240683
0.048777 7.487782
0.034643 7.731279
0.022664 7.970836
0.013026 8.206114
0.005912 8.436775
0.001509 8.662483
0.000000 8.882900

# Actual robot trajectory (world coords)
# x y
0.000000 -2.000000
0.000000 -2.000000
0.000000 -2.000000
0.000000 -2.000000
0.000000 -2.000000
0.000000 -2.000000
0.000000 -2.000000
0.000000 -2.000000
0.000000 -2.000000
0.000000 -2.000000
0.000000 -2.000000
0.000000 -2.000000
0.000000 -2.000000
0.000000 -2.000000
0.000000 -2.000000
0.000000 -2.000000
0.000000 -2.000000
0.000000 -2.000000
0.000000 -2.000000
0.000000 -2.000000
0.000000 -2.000000
0.000000 -2.000000
0.000000 -2.000000
0.000000 -2.000000
0.000000 -2.000000
0.000000 -2.000000
0.000000 -2.000000
0.000000 -2.000000
0.000000 -2.000000
0.000000 -2.000000
0.000000 -2.000000
0.000000 -2.000000
0.000000 -2.000000
0.000000 -2.000000
0.000000 -2.000000
0.000000 -2.000000
0.000000 -2.000000
0.000000 -2.000000
0.000000 -2.000000
0.000000 -2.000000
0.000000 -2.000000
0.000000 -2.000000
0.000000 -2.000000
0.000000 -2.000000
0.000000 -2.000000
0.000000 -2.000000
0.000000 -2.000000
0.000000 -2.000000
0.000000 -2.000000
0.017983 -1.981222
0.035794 -1.961600
0.052321 -1.942181
0.069615 -1.920160
0.085009 -1.898590
0.099366 -1.876316
0.113167 -1.852530
0.125514 -1.829082
0.137048 -1.805224
0.148194 -1.780084
0.158217 -1.755552
0.167570 -1.730757
0.176272 -1.705727
0.184321 -1.680479
0.191519 -1.655495
0.198365 -1.628861
0.204141 -1.602998
0.209106 -1.576459
0.213031 -1.550251
0.215976 -1.523412
0.217726 -1.496970
0.218319 -1.470477
0.217773 -1.443982
0.216066 -1.417537
0.213165 -1.391196
0.208964 -1.364525
0.203571 -1.338069
0.197033 -1.311873
0.189218 -1.285507
0.181866 -1.260047
0.174692 -1.234537
0.167684 -1.208980
0.160842 -1.183379
0.154167 -1.157733
0.147658 -1.132045
0.141317 -1.106315
0.135143 -1.080544
0.129137 -1.054733
0.122984 -1.027931
0.116912 -1.001109
0.110920 -0.974270
0.105009 -0.947413
0.099179 -0.920538
0.093429 -0.893646
0.087760 -0.866736
0.082171 -0.839810
0.076664 -0.812867
0.071237 -0.785908
0.065891 -0.758933
0.060626 -0.731941
0.055442 -0.704934
0.050340 -0.677912
0.045318 -0.650874
0.040377 -0.623822
0.035518 -0.596755
0.030740 -0.569673
0.026043 -0.542577
0.021427 -0.515467
0.016893 -0.488344
0.012440 -0.461206
0.008068 -0.434056
0.003778 -0.406893
-0.000430 -0.379717
-0.004469 -0.353020
-0.008414 -0.326310
-0.012265 -0.299586
-0.016023 -0.272849
-0.019688 -0.246099
-0.023258 -0.219336
-0.026736 -0.192561
-0.030119 -0.165774
-0.033408 -0.138975
-0.036604 -0.112165
-0.039706 -0.085344
-0.042714 -0.058512
-0.045628 -0.031669
-0.048448 -0.004817
-0.051174 0.022045
-0.053806 0.048916
-0.056344 0.075797
-0.058788 0.102686
-0.061138 0.129584
-0.063434 0.156486
-0.065676 0.183393
-0.067865 0.210304
-0.069999 0.237219
-0.072080 0.264139
-0.074107 0.291063
-0.076080 0.317991
-0.077999 0.344922
-0.079864 0.371858
-0.081676 0.398797
-0.083433 0.425740
-0.085137 0.452686
-0.086786 0.479635
-0.088382 0.506588
-0.089924 0.533544
-0.091412 0.560503
-0.092846 0.587465
-0.094226 0.614430
-0.095553 0.641397
-0.096825 0.668367
-0.098043 0.695340
-0.099208 0.722314
-0.100318 0.749292
-0.101334 0.776272
-0.102296 0.803255
-0.103164 0.830241
-0.103978 0.857229
-0.104697 0.884220
-0.105362 0.911211
-0.105933 0.938205
-0.106449 0.965200
-0.106872 0.992197
-0.107199 1.019195
-0.107433 1.046194
-0.107571 1.073194
-0.107616 1.100194
-0.107565 1.127194
-0.107421 1.154193
-0.107181 1.181192
-0.106848 1.208190
-0.106420 1.235187
-0.105897 1.262182
-0.105280 1.289175
-0.104568 1.316165
-0.103762 1.343153
-0.102861 1.370138
-0.101866 1.397120
-0.100777 1.424098
-0.099593 1.451072
-0.098315 1.478042
-0.096942 1.505007
-0.095475 1.531967
-0.093914 1.558922
-0.092258 1.585871
-0.090489 1.613314
-0.088638 1.640752
-0.086705 1.668183
-0.084689 1.695610
-0.082575 1.722025
