# Planned trajectory (Bezier, world coords)
# x y
0.000000 -2.000000
0.073936 -1.917504
0.141898 -1.824087
0.204070 -1.720086
0.260638 -1.605840
0.311787 -1.481686
0.357700 -1.347963
0.398563 -1.205007
0.434561 -1.053156
0.465879 -0.892749
0.492700 -0.724124
0.515210 -0.547616
0.533594 -0.363566
0.548036 -0.172310
0.558722 0.025814
0.565835 0.230468
0.569561 0.441315
0.570085 0.658016
0.567590 0.880234
0.562263 1.107630
0.554287 1.339869
0.543848 1.576610
0.531130 1.817518
0.516319 2.062253
0.499598 2.310479
0.481152 2.561857
0.461167 2.816049
0.439827 3.072719
0.417317 3.331528
0.393821 3.592138
0.369525 3.854212
0.344613 4.117412
0.319270 4.381400
0.293680 4.645838
0.268029 4.910389
0.242501 5.174715
0.217281 5.438478
0.192553 5.701340
0.168503 5.962963
0.145316 6.223011
0.123175 6.481144
0.102266 6.737026
0.082774 6.990318
0.064882 7.240683
0.048777 7.487782
0.034643 7.731279
0.022664 7.970836
0.013026 8.206114
0.005912 8.436775
0.001509 8.662483
0.000000 8.882900

# Actual robot trajectory (world coords)
# x y
0.000000 -2.000000
0.000000 -2.000000
0.000000 -2.000000
0.000000 -2.000000
0.000000 -2.000000
0.000000 -2.000000
0.000000 -2.000000
0.000000 -2.000000
0.000000 -2.000000
0.000000 -2.000000
0.000000 -2.000000
0.000000 -2.000000
0.000000 -2.000000
0.000000 -2.000000
0.000000 -2.000000
0.000000 -2.000000
0.000000 -2.000000
0.000000 -2.000000
0.000000 -2.000000
0.000000 -2.000000
0.000000 -2.000000
0.000000 -2.000000
0.000000 -2.000000
0.000000 -2.000000
0.000000 -2.000000
0.000000 -2.000000
0.000000 -2.000000
0.000000 -2.000000
0.000000 -2.000000
0.000000 -2.000000
0.000000 -2.000000
0.000000 -2.000000
0.000000 -2.000000
0.000000 -2.000000
0.000000 -2.000000
0.000000 -2.000000
0.000000 -2.000000
0.000000 -2.000000
0.000000 -2.000000
0.000000 -2.000000
0.000000 -2.000000
0.000000 -2.000000
0.000000 -2.000000
0.015733 -1.983223
0.015733 -1.983223
0.015733 -1.983223
0.015733 -1.983223
0.015733 -1.983223
0.015733 -1.983223
0.015733 -1.983223
0.015733 -1.983223
0.015429 -1.983620
0.031554 -1.962591
0.047399 -1.941976
0.063267 -1.921380
0.079160 -1.900803
0.095079 -1.880247
0.111331 -1.859315
0.127609 -1.838404
0.143913 -1.817513
0.160243 -1.796642
0.177529 -1.774616
0.195157 -1.752221
0.212817 -1.729852
0.228955 -1.709467
0.245122 -1.689104
0.261318 -1.668765
0.277231 -1.648839
0.293171 -1.628935
0.309138 -1.609053
0.325764 -1.588417
0.342421 -1.567807
0.359110 -1.547222
0.375514 -1.527050
0.391951 -1.506905
0.408419 -1.486786
0.425238 -1.466307
0.442092 -1.445857
0.458982 -1.425437
0.475906 -1.405046
0.492866 -1.384683
0.509862 -1.364351
0.526573 -1.344433
0.543319 -1.324544
0.560425 -1.304305
0.577570 -1.284098
0.594431 -1.264306
0.611330 -1.244547
0.628267 -1.224821
0.645245 -1.205129
0.662262 -1.185472
0.679651 -1.165475
0.697083 -1.145515
0.714229 -1.125971
0.731750 -1.106089
0.749318 -1.086249
0.766932 -1.066450
0.784594 -1.046695
0.801969 -1.027352
0.819727 -1.007683
0.837198 -0.988427
0.854717 -0.969216
0.872287 -0.950051
0.889907 -0.930932
0.907579 -0.911861
0.926328 -0.891743
0.945477 -0.871315
0.964341 -0.851305
0.983607 -0.830987
1.002587 -0.811087
1.021970 -0.790881
1.041064 -0.771090
1.060564 -0.750996
1.079771 -0.731316
1.099386 -0.711334
1.118707 -0.691765
1.138437 -0.671897
1.157870 -0.652440
1.177714 -0.632686
1.197259 -0.613341
1.217217 -0.593702
1.236873 -0.574469
1.256944 -0.554946
1.276711 -0.535827
1.296894 -0.516420
1.316771 -0.497415
1.337065 -0.478125
1.357051 -0.459235
1.377456 -0.440062
1.397551 -0.421288
1.418067 -0.402232
