# Planned trajectory (Bezier, world coords)
# x y
0.000000 -2.000000
0.073936 -1.917504
0.141898 -1.824087
0.204070 -1.720086
0.260638 -1.605840
0.311787 -1.481686
0.357700 -1.347963
0.398563 -1.205007
0.434561 -1.053156
0.465879 -0.892749
0.492700 -0.724124
0.515210 -0.547616
0.533594 -0.363566
0.548036 -0.172310
0.558722 0.025814
0.565835 0.230468
0.569561 0.441315
0.570085 0.658016
0.567590 0.880234
0.562263 1.107630
0.554287 1.339869
0.543848 1.576610
0.531130 1.817518
0.516319 2.062253
0.499598 2.310479
0.481152 2.561857
0.461167 2.816049
0.439827 3.072719
0.417317 3.331528
0.393821 3.592138
0.369525 3.854212
0.344613 4.117412
0.319270 4.381400
0.293680 4.645838
0.268029 4.910389
0.242501 5.174715
0.217281 5.438478
0.192553 5.701340
0.168503 5.962963
0.145316 6.223011
0.123175 6.481144
0.102266 6.737026
0.082774 6.990318
0.064882 7.240683
0.048777 7.487782
0.034643 7.731279
0.022664 7.970836
0.013026 8.206114
0.005912 8.436775
0.001509 8.662483
0.000000 8.882900

# Actual robot trajectory (world coords)
# x y
0.000000 -2.000000
0.000000 -2.000000
0.000000 -2.000000
0.000000 -2.000000
0.000000 -2.000000
0.000000 -2.000000
0.000000 -2.000000
0.000000 -2.000000
0.000000 -2.000000
0.000000 -2.000000
0.000000 -2.000000
0.000000 -2.000000
0.000000 -2.000000
0.000000 -2.000000
0.000000 -2.000000
0.000000 -2.000000
0.000000 -2.000000
0.000000 -2.000000
0.000000 -2.000000
0.000000 -2.000000
0.000000 -2.000000
0.000000 -2.000000
0.000000 -2.000000
0.000000 -2.000000
0.000000 -2.000000
0.000000 -2.000000
0.000000 -2.000000
0.000000 -2.000000
0.000000 -2.000000
0.000000 -2.000000
0.000000 -2.000000
0.000000 -2.000000
0.000000 -2.000000
0.000000 -2.000000
0.000000 -2.000000
0.000000 -2.000000
0.000000 -2.000000
-0.000327 -2.000378
-0.000327 -2.000378
0.017839 -1.979071
0.036300 -1.957358
0.054732 -1.935621
0.073135 -1.913859
0.091509 -1.892073
0.108246 -1.872176
0.124956 -1.852257
0.141639 -1.832315
0.158297 -1.812352
0.174928 -1.792367
0.191533 -1.772361
0.207794 -1.752718
0.224028 -1.733053
0.240234 -1.713365
0.256413 -1.693655
0.272565 -1.673922
0.288689 -1.654168
0.305417 -1.633614
0.322113 -1.613035
0.338777 -1.592431
0.355410 -1.571800
0.372011 -1.551145
0.388268 -1.530854
0.404493 -1.510538
0.420685 -1.490195
0.436844 -1.469827
0.452971 -1.449433
0.469374 -1.428619
0.485741 -1.407778
0.502071 -1.386907
0.518366 -1.366009
0.534624 -1.345082
0.550846 -1.324128
0.567030 -1.303144
0.583175 -1.282130
0.599281 -1.261086
0.615349 -1.240013
0.631376 -1.218909
0.647363 -1.197774
0.663008 -1.177008
0.678614 -1.156213
0.694179 -1.135386
0.709999 -1.114127
0.725776 -1.092835
0.741511 -1.071512
0.757199 -1.050155
0.772548 -1.029169
0.787853 -1.008151
0.803112 -0.987099
0.818324 -0.966014
0.833490 -0.944896
0.848608 -0.923742
0.863676 -0.902555
0.878697 -0.881332
0.893666 -0.860074
0.908871 -0.838369
0.924022 -0.816628
0.939118 -0.794848
0.953876 -0.773443
0.968581 -0.752000
0.983230 -0.730520
0.998103 -0.708587
1.012918 -0.686616
1.027673 -0.664604
1.042368 -0.642551
1.057000 -0.620457
1.071570 -0.598321
1.086074 -0.576143
1.100241 -0.554342
1.114346 -0.532501
1.128655 -0.510196
1.142896 -0.487848
1.156801 -0.465878
1.170639 -0.443866
1.184406 -0.421811
1.198104 -0.399711
1.211729 -0.377568
1.225283 -0.355380
1.238762 -0.333146
1.252166 -0.310868
